60
3504 1300 2916 3502 3523 240 772 2099 3491 1177 3080 3029 866 2971 295 1829 2584 131 1082 1248 435 1283 920 3501 490 3394 830 2209 2206 382 1470 93 3267 3543 1308 417 911 1404 1904 322 677 2440 1750 375 3285 1824 995 2783 428 1380 1029 1707 2520 1185 1642 2514 1778 1321 2943 2758
768 1444 3572 1042 524 2407 1936 3150 454 2477 1437 2094 991 2346 1361 3562 1890 1022 3105 723 2888 1134 672 512 3045 1345 1874 463 2991 2483 3228 1648 1895 1403 2768 57 2464 2134 1955 3532 2852 321 2536 2482 2640 2828 3564 1647 947 2528 1104 3015 1878 3058 1303 1958 2084 2472 1963 3001
1804 2428 1739 1012 2465 680 1336 2035 379 457 1202 2754 15 1418 811 1280 977 432 2379 1862 2503 2962 241 2357 891 3415 3250 2647 3055 873 1133 1507 2674 1543 3547 1882 472 308 261 999 1096 1359 3421 1509 848 1269 2281 1749 3265 2264 152 2017 1188 53 493 3140 3143 3550 2158 2364
1043 1950 313 2570 1354 801 636 2651 543 1496 3100 1377 2658 2977 905 594 3368 2585 146 2046 840 3194 2100 491 14 271 2781 983 522 2000 369 1017 2308 604 2224 180 2639 1860 156 705 2711 1865 366 2745 2874 1632 748 632 1942 433 2117 2345 754 3160 3313 916 3164 560 1234 2556
667 2633 2488 3304 134 2222 3356 2695 2799 1971 1320 3528 389 1562 1322 2720 2642 3500 2330 1192 3259 1149 2327 2469 2557 2271 2485 1675 3064 3370 534 1474 1113 467 2996 3327 479 3278 2445 3284 1718 3213 2861 3091 1307 3125 1603 3121 195 626 583 982 2726 1169 2761 821 2881 381 385 2168
1009 1737 172 2863 2673 73 374 318 1240 459 2833 2921 449 3366 1257 3416 1613 1638 3293 1331 2303 752 1988 1353 2079 2384 1666 1476 1940 1795 2664 822 2366 712 395 1208 2190 2260 185 250 1794 3565 1783 2870 1559 3460 1736 3426 173 1570 265 992 128 3118 1556 998 1944 1891 1893 2808
3537 3597 2447 1097 571 2454 526 101 955 420 2216 1959 3047 2025 1602 1816 386 2666 691 3102 256 183 1249 446 588 363 3569 2604 2236 2132 2238 2261 2092 3492 1488 476 1489 3061 1870 3063 3529 598 864 2416 1917 2323 2801 2778 2891 1979 738 2530 859 3349 2942 2061 2342 1262 2044 2611
1990 2950 95 1053 855 1410 426 1756 3187 3417 2450 1324 422 2559 561 1722 1027 3320 2805 1346 327 1571 1484 2306 2911 702 3517 1392 824 397 2021 3059 3 1967 1465 1823 1626 2417 1367 3136 2701 361 114 1088 1939 3024 3498 1822 646 907 817 2105 1352 2914 3039 871 2936 3445 2304 1697
1991 1363 2232 1812 175 205 3525 2824 2198 819 54 694 837 1413 1420 1830 564 2078 3413 2071 1460 1093 89 1678 826 1921 1066 3429 1299 666 3041 3129 344 2820 607 1106 458 3405 2630 1108 3215 1056 505 3184 1742 1919 2992 881 2908 1879 2571 1762 3008 49 956 3331 1109 1661 3156 450
244 2797 2004 2213 925 800 2231 3590 3539 106 2110 1594 1049 405 260 2884 1273 2880 1152 1701 624 211 3179 3093 1938 2665 790 2262 165 1573 17 2197 988 3449 227 3246 2765 122 3021 1620 1684 1174 2478 200 498 1912 2072 1275 1631 120 506 2362 1229 2597 1103 1717 2479 2859 3148 914
90 1581 3347 1340 3002 168 1358 1814 597 483 708 1428 554 762 1063 2678 1274 3593 536 2521 1673 1124 1196 448 2903 1141 875 967 3457 2997 3086 3378 282 3106 443 2679 1869 1046 2045 1095 2595 3512 3579 966 413 1454 1767 1567 1549 1924 2527 2882 236 786 3229 1972 1943 950 3066 1946
3026 209 2196 1080 3599 1376 3124 69 3178 2355 1808 259 1719 685 2226 1914 1195 2082 1643 1261 1689 2331 1387 292 2987 760 215 2049 1290 779 2376 529 3227 3591 2205 2661 2523 2922 637 2274 1030 1978 3321 1799 3531 1184 1555 1085 2817 155 2403 1473 732 2872 3409 579 2250 255 2344 2098
1137 1212 590 1975 2771 293 2118 2855 1218 2457 267 79 2609 2415 1817 1539 3084 138 679 1070 2068 2090 2546 669 1471 918 1107 625 2794 1238 3117 3430 3163 2704 2693 8 1486 3477 485 2757 1205 2845 1846 2422 272 2038 1061 2050 3312 2967 1723 3441 2764 3142 3486 1715 2581 879 1430 2984
2806 3453 919 132 3530 1159 1379 1787 1057 1696 3072 1251 3067 2106 2934 1634 1399 683 3135 455 1521 3302 1554 835 2240 714 191 2385 928 202 510 993 827 2809 2156 3235 2656 745 539 2129 1491 3056 2727 456 58 2145 1477 862 1868 663 3419 2292 547 3598 720 2370 3431 1015 820 3479
3315 1216 845 3057 1503 621 1776 780 690 2607 501 844 306 675 3570 2005 2394 2945 3074 2708 2147 159 1445 2295 2953 2871 429 447 2249 2793 13 1710 2461 56 20 3089 1790 372 1157 358 1953 104 2057 2352 2430 1463 2242 635 1527 1362 61 2052 2634 1114 964 2600 3584 3451 415 2382
2802 1711 2885 373 176 29 2887 829 2504 3358 319 2955 3317 711 2133 1516 2207 239 480 3371 1051 3258 2811 3282 3440 1976 3075 746 1384 757 1801 610 2562 1116 3471 312 2544 1583 2886 3533 342 3095 3326 25 2752 863 301 1438 471 91 2358 1146 2183 153 770 1546 747 3420 846 1062
1207 1006 2214 2865 78 3458 2434 243 273 612 1180 1877 2860 3283 2139 2392 789 357 797 2575 3010 989 2351 2334 1738 1181 2700 912 2776 2076 1385 3113 3108 1449 582 75 1923 3390 749 1483 1339 1690 2166 758 788 1724 2993 3078 570 1856 1086 3275 1771 3112 22 2552 28 2259 1508 538
197 1349 935 1658 2322 2836 1622 1334 2904 1606 3221 1329 2375 2635 1411 542 756 942 1607 576 2800 113 1356 3023 2894 1937 1984 1545 3316 1247 777 602 440 2641 1501 1210 3225 288 2590 2365 1099 1533 39 2298 1342 893 2851 499 2689 1968 638 2381 45 2625 703 248 2148 2525 2669 759
9 562 559 1758 2184 163 3098 986 2150 1519 3346 2498 1398 1499 697 1810 1128 2751 2008 1591 1386 1659 1371 3488 3308 854 1687 980 2508 793 931 2463 3552 2564 2606 425 2856 2890 3444 326 810 2095 938 3014 1369 1522 1922 2762 2296 1858 941 416 1259 1440 297 1714 2495 399 2388 766
1837 300 3167 1550 484 121 149 2599 644 2309 2897 2036 1466 943 2631 3470 85 960 3219 3505 1125 1350 287 2696 1855 2956 3133 1079 1335 517 1490 2619 3567 1091 1036 3369 3062 247 1646 2109 3147 391 1171 2438 2185 1755 48 3022 2620 940 3011 2892 2951 2821 1558 3367 1881 1443 289 2913
3139 2573 2241 2349 1315 3410 1409 1123 1694 7 1328 2832 406 1435 2054 1754 118 2895 3154 1270 1 3511 2682 535 1414 34 2840 222 2819 2970 285 3238 2876 2825 264 3435 2178 1388 394 3146 2574 799 2905 3393 234 2735 3264 186 2912 616 2371 1011 847 263 2755 296 2849 734 1740 1301
2386 2034 1928 2976 1226 3535 3514 144 902 3353 1617 1055 1705 3020 3210 1479 2481 3209 566 2468 868 1612 1281 3432 2780 2332 1852 2637 2986 3031 488 2227 965 108 1020 1809 2526 2140 1223 2449 650 553 1898 2460 3090 3197 508 1596 1217 3483 1041 3222 1502 3234 1983 1698 2442 3287 933 1230
1338 3396 371 2839 3263 2838 3236 3188 2010 3519 1126 3469 1726 2 1393 1752 733 100 1669 1568 805 434 1627 2048 2553 151 408 1000 803 3423 2032 1610 3291 3176 41 1957 682 177 934 2119 930 2401 698 228 599 630 249 3266 2687 818 2018 2294 2400 2621 2160 1227 3190 3244 3196 3467
975 1670 3043 1441 3126 2391 3355 1791 94 362 1797 994 2529 3319 1219 3576 466 2317 1709 2975 190 1462 1535 1644 3103 3294 3522 3548 504 3301 613 2567 2153 1237 2594 2741 3028 3481 3120 2433 3411 148 1417 1777 3496 1569 890 2826 1360 3510 246 2439 1253 1703 2814 523 1918 1964 1974 2946
1016 1221 1032 1084 299 990 2535 1552 334 1203 3239 1920 2410 1989 2411 2652 1401 2179 1540 1896 3495 954 1769 47 116 184 3472 1494 4 1806 1060 1453 3128 2548 3443 3568 2194 201 3408 767 1309 1199 710 1588 3220 2402 31 2406 2534 2404 194 959 2073 549 939 867 2220 3214 944 3048
1243 647 1518 1598 3198 3384 1927 2862 364 1977 1170 1366 1884 945 727 1021 1039 2785 2291 2320 1692 3448 1652 3134 2041 589 99 3433 1994 1597 627 2080 1623 2389 3199 1498 320 2124 1650 2924 686 3484 2643 545 1668 3310 1566 2961 2966 3549 125 3247 1065 1455 2843 2195 3557 2340 2657 3446
2614 3004 3205 1047 2353 3341 842 872 3388 1406 771 338 62 277 398 124 2906 2476 1542 1451 888 2437 3583 1154 2412 2154 1250 976 38 3083 2053 1727 65 3536 1716 2561 2413 1876 1593 865 2909 2307 1575 2101 2935 2919 2592 1222 2001 3130 3162 1765 2006 3073 892 1390 1541 2728 2007 3094
532 2378 725 587 563 2335 1941 3173 764 3245 2286 2081 608 2831 841 744 1815 2114 937 220 1512 1751 3581 1731 3503 2159 1764 460 1857 1289 1514 899 2653 1889 1800 1162 1577 2698 214 2513 1272 72 2830 527 3482 3144 2103 2972 1402 1833 281 1378 2978 206 430 1235 3588 2835 1341 302
401 423 2804 2125 2009 674 1970 1601 913 52 1383 2458 343 671 1655 3398 2632 77 3257 351 2869 1786 2941 600 3596 1423 1068 3290 2429 130 1077 1422 2063 904 2069 3480 436 2519 2879 3422 348 3042 1911 900 1843 1663 182 1728 251 948 59 1725 1511 3563 1153 2115 681 1183 141 231
3343 2587 922 927 3380 3401 304 204 1034 1365 1981 424 909 274 659 1510 2829 1019 1900 2343 1325 1821 1992 2187 2270 133 1389 761 1982 2203 3513 3254 2058 783 3554 1744 776 1156 2305 1293 3019 1662 1802 652 1844 2994 816 2596 1144 2512 392 3201 910 1886 701 688 1311 2743 1671 26
1040 3161 1214 2749 314 2441 2949 1999 3168 3372 1757 50 3114 2180 462 353 2807 1193 1784 3077 1265 804 2333 2848 825 3123 1987 3292 355 2944 3404 2258 187 921 1294 1945 3273 3402 1122 2290 1747 1370 2055 347 2965 63 359 3192 142 3559 1651 3226 1962 3595 129 2827 1297 3152 2301 2033
233 336 692 3527 3211 1405 696 158 1529 1677 437 328 64 3518 2628 1793 1653 3016 1576 309 687 3241 3111 1211 2518 2901 763 1101 2506 3461 310 3414 684 3387 157 2716 2844 2784 2748 2834 3268 2255 3545 2499 3157 2123 949 1504 603 2075 500 1713 1531 1682 3212 2722 3400 557 2718 213
464 503 44 573 2283 3551 3582 2610 3299 2108 3170 2963 2676 555 179 1119 3336 574 203 1825 572 3328 2338 1553 1148 1932 2576 350 2267 1271 614 3463 3376 896 2492 2769 981 2734 1048 3580 1163 2744 870 929 33 2671 1069 2933 2796 332 97 1915 642 1415 3361 3251 3127 2842 2867 18
857 1688 82 2615 3269 137 3116 1582 1916 1523 1326 32 895 2522 3497 2703 2142 3428 3217 3172 813 923 174 2866 143 411 2767 2517 217 2982 2605 3003 1072 1282 2791 3145 974 546 278 1145 444 2031 5 2660 3158 2026 154 645 1439 3169 665 232 2702 828 1313 1590 520 2957 765 298
3509 1158 2645 1805 1702 83 3009 1167 629 2257 1721 3365 242 1997 569 3252 1266 3399 3391 3487 2131 2161 2359 731 3298 750 3330 1803 3335 1761 2932 486 2737 2646 775 1551 109 2028 838 2360 1836 1317 2273 3332 2551 1998 1330 2532 3131 1649 1288 1798 335 3206 1654 836 676 1513 1616 2787
2685 1969 2954 586 3577 1544 3350 3314 2580 478 3202 1427 11 2616 410 110 961 2683 3088 924 861 2223 1774 421 2225 2246 728 119 280 2252 2998 2015 2137 3035 1819 225 2372 1525 1190 3296 2393 1905 2789 2677 115 3418 1615 1636 1854 704 3295 834 1660 3342 60 1775 3364 1712 1693 1578
3586 2093 230 1244 3165 2368 2377 784 2152 2555 3233 1534 1284 3485 518 3242 2980 973 3185 2601 1472 2172 2398 2690 1608 3166 1538 2864 268 3243 294 2655 2565 2663 2730 551 726 3012 1092 0 98 2566 2496 1452 3473 2218 2013 1883 3534 1520 1614 1633 2284 107 2550 1866 3442 2276 3306 3329
2501 92 2694 2146 1215 1572 3183 160 782 2775 1375 858 1584 3348 23 2016 1595 2208 1611 651 1087 530 656 1537 2420 3546 622 808 352 951 86 962 2959 2612 1458 581 2165 1075 531 2144 2418 2374 3322 87 2272 1026 1630 1296 3377 1880 2974 1246 3216 2572 2014 19 1319 21 1008 3573
384 2626 3318 181 212 407 2189 1899 3141 1285 2244 1052 1528 1903 565 515 468 3555 2302 1850 3279 1110 349 2126 2186 1200 528 3544 1867 3340 393 354 2120 1667 1734 3465 2107 2397 1888 1112 3359 262 1028 390 2524 1286 2816 2739 2253 221 226 145 970 1111 1834 3182 2383 3232 2709 1277
96 290 1010 1071 1186 1204 303 2363 2024 1780 2668 3578 880 1909 1129 2583 1536 2200 2983 1225 2039 699 1763 1187 3203 903 548 1143 1586 3541 2174 2729 3137 1176 3096 1695 2297 3027 46 3324 2395 147 2636 3186 257 76 2138 2336 987 1201 3475 3119 996 1996 2672 1155 2717 1412 1961 1436
439 1400 1973 80 224 2265 111 3223 2096 68 1135 2199 1619 1947 2235 2918 2127 3309 2847 1005 3070 1256 3571 474 1680 1629 269 3395 2399 266 2348 2582 2067 150 1560 1935 2979 3175 2217 1396 2837 946 275 55 1766 2112 1524 1127 2155 207 305 2742 1357 1497 3466 901 2280 3385 1424 737
2598 333 2070 2948 3189 3303 2964 3594 2448 1910 2314 2602 3018 380 3397 661 30 1175 969 3406 1847 2516 494 2923 2089 2243 1298 2812 794 1609 860 218 3052 1151 196 2505 643 1505 2675 2111 2278 578 985 102 2022 3180 1885 1759 208 188 495 3231 167 367 1547 16 2023 833 3561 2325
1447 3403 3362 1841 1826 3237 2059 544 3455 3337 1254 2201 1343 609 2772 1395 2066 2113 1457 3494 412 3230 1172 1054 2484 1872 719 3104 1599 3025 345 653 469 843 1337 1374 894 869 1842 1044 1332 3352 2774 198 2537 741 2409 2356 511 1002 1165 1748 2487 2136 1023 1102 1255 42 2164 1121
889 84 1263 1954 1083 2493 2938 2097 3373 3060 117 1426 707 1132 2878 802 3459 1382 791 769 10 2624 337 1351 742 1278 1481 477 3452 3468 1732 2732 972 1161 926 3159 219 1236 329 2256 1434 1231 2162 1624 2285 3553 3587 1160 3153 1327 1770 2329 1949 3381 475 2192 1344 724 3195 2747
1140 1835 700 997 487 2969 140 2545 1242 516 1656 2900 3260 1295 2396 2531 3288 1782 1130 971 1733 1050 3040 2497 3271 615 2245 2341 1468 1579 2299 1628 3138 3255 2554 2759 1031 2237 2877 3493 3068 882 2648 649 2680 2540 2339 718 1845 3240 2451 593 1391 316 2321 3218 2930 634 2426 1312
1906 2116 1925 1781 2760 2958 2064 1495 2169 2279 3520 611 2489 223 807 717 2638 3556 103 1168 1348 664 1198 112 3437 3334 2288 936 2589 1548 2315 591 3280 743 418 2446 655 254 1561 1310 317 2681 1239 2960 2361 658 2427 3132 558 452 3155 1189 2475 2999 2670 1683 3069 1475 2104 2818
709 1304 2268 2421 1580 1664 2042 798 3207 1907 952 1291 1839 3005 3436 1173 1233 3338 3177 3109 1618 628 1897 3424 2040 3051 51 3438 1241 1487 620 2705 3248 1485 1220 383 540 932 2491 1600 1818 1004 3000 2893 1853 2766 850 1831 1592 2733 341 210 1118 521 1729 3566 1851 898 814 2715
283 2221 874 370 839 1931 778 2300 1150 617 3099 37 3383 3277 3389 238 2738 2170 461 2202 3311 1645 525 883 2215 2121 619 2275 1789 3046 1355 2002 473 623 3375 585 1517 400 1333 2810 1292 3085 1482 2293 1038 2902 906 235 3107 1772 2453 877 1672 3191 2083 3454 3151 1585 276 193
3181 3447 2074 2510 1033 427 2858 2721 2815 3379 552 2731 2940 2228 2247 695 2875 2193 537 2423 2773 2466 1587 721 2578 396 1861 2030 722 2795 2939 1995 3007 3526 368 968 605 2857 1901 3558 339 2515 3270 3289 3149 1018 1136 2173 1480 2324 2853 1302 2985 1433 419 3038 2603 1807 806 1986
1564 3507 43 1926 2654 2629 1948 1100 2234 2850 3110 2037 2995 2907 3354 1838 2233 856 253 832 2929 753 1753 2337 2968 2937 1090 1871 1892 1469 1665 2898 2756 3434 577 1364 1105 3193 1863 1929 1681 601 2062 291 2989 633 2369 2027 2470 3325 1314 812 2229 739 1024 1397 716 2318 1500 3079
2432 2719 2910 2480 3076 2712 1840 1081 6 3281 2020 178 252 3081 3286 2896 2618 27 2380 2077 897 453 2230 1432 1117 2917 887 1657 3374 755 668 2623 1574 1965 2435 851 1228 3412 2662 346 773 2920 2459 1933 136 2990 2176 1206 199 1887 1421 2011 1001 2798 1700 1966 984 245 1318 3122
1059 2455 785 2239 1735 1526 3013 507 2135 1419 1621 331 3524 2171 2254 1532 713 481 489 1908 2056 660 736 1706 2157 3065 2474 3261 126 356 2390 3101 325 2130 2204 3053 445 3262 2319 2568 849 388 3208 3037 1913 693 2502 2706 2782 1268 258 2931 3540 1637 2697 917 2452 3017 3425 3585
1166 3036 377 12 2444 2019 169 2408 3006 556 2088 2248 1827 654 2577 513 735 2431 451 162 774 595 1037 2312 2952 2691 2122 414 2494 1730 2622 580 482 1045 673 1875 3574 1139 36 809 3249 3253 1372 670 2627 2269 1779 2593 3276 1674 1429 170 1820 74 3499 740 641 715 1025 1373
1720 66 1746 2547 1416 3200 1952 796 953 1305 1565 631 2713 2533 2091 402 1078 1478 640 2915 192 2928 2507 2608 618 1813 2699 2541 3538 1902 2467 1741 2414 3489 2579 3115 409 3300 270 67 1461 3506 2003 2786 3345 2591 2586 2511 1785 2188 1685 3032 2310 2087 376 1191 3050 2644 885 979
1708 1142 378 514 1431 1557 105 1014 323 639 1980 2473 3382 550 958 1993 1197 3344 2251 1381 2790 1442 2543 2868 1760 751 216 1811 139 876 2486 3305 2686 3071 3560 1258 2822 1563 1003 2277 1073 1796 678 1848 441 1138 135 957 1788 2326 1179 1951 1456 2419 1930 1515 795 3592 1368 2354
2456 2387 978 3307 2684 2212 3474 2373 229 648 3097 1252 404 166 792 1679 1164 470 2569 1306 3087 2086 88 2549 1745 3407 2563 1859 2841 3516 2649 3521 40 1960 1743 2405 3274 1985 1013 1224 2436 2424 3054 2740 1625 1425 852 2724 3339 403 878 1058 1089 315 81 2539 2981 24 2219 1459
1450 2350 1260 1067 2803 2051 2725 2509 438 3386 1394 307 3272 1704 496 831 2043 1493 2143 2813 237 509 2763 662 2823 2854 1408 2500 3256 1773 533 2167 3427 1098 35 3034 689 3092 3030 2047 823 1094 2182 3323 1956 497 2289 1035 3508 1506 1147 365 787 2723 1464 1604 1120 387 3462 2788
502 519 3589 3360 2443 2266 2012 123 2177 2151 1589 575 127 2542 1131 2316 2085 606 2128 657 2065 3490 3351 884 2060 815 541 2102 2347 1635 171 2181 2149 2925 2588 567 1894 2650 1686 1768 3333 1007 2873 1347 2779 3515 465 1605 2846 2163 2736 1076 1232 1792 340 161 1849 729 1832 2889
2707 2311 3542 1264 1530 2490 2538 279 2777 2746 3357 2328 1074 189 1691 1323 2770 3174 3392 324 2287 1641 3450 2211 2425 2692 3033 2263 431 3044 2792 2927 70 2558 1640 706 1316 360 3476 2688 164 2191 2175 1864 442 330 1245 2947 2282 2667 1064 3478 1279 71 2714 492 3363 2367 908 730
1115 915 2141 286 2313 3575 3464 2883 2471 584 1873 311 2659 1194 2210 2988 3082 592 1267 1287 2926 2753 3049 1828 3297 2710 1448 1276 2899 3439 1934 1209 1178 2560 568 1446 3456 781 1213 2750 284 1182 1699 1676 3224 963 2029 886 2462 2973 1467 3204 1407 2617 2613 1639 1492 3171 596 853

